
79 <1,4,7,10,6,9,2,5,3,8>

29 <5,1,8,10,3,6,9,2,4,7>

1000 not solution

4 <4,9,3,10,2,7,5,1,8,6>

67 <7,3,10,2,9,6,4,1,8,5>

71 <6,4,2,8,3,7,10,1,9,5>

24 <1,5,10,6,9,2,4,7,3,8>

1000 not solution

57 <3,10,7,9,1,5,2,8,6,4>

16 <9,5,3,8,10,2,6,1,7,4>

29 <4,8,5,3,10,7,2,6,9,1>

81 <4,6,10,3,5,8,2,9,7,1>

1000 not solution

11 <4,10,8,5,3,1,7,2,6,9>

78 <3,10,7,9,1,5,2,8,6,4>

1000 not solution

82 <7,1,3,6,8,10,5,9,2,4>

85 <6,4,2,5,8,10,1,3,9,7>

62 <9,2,5,3,1,10,8,6,4,7>

1000 not solution

68 <3,1,6,9,5,10,8,4,2,7>

89 <5,2,4,9,3,8,10,7,1,6>

34 <3,8,6,2,10,5,1,4,9,7>

74 <5,9,1,3,7,2,10,8,6,4>

1000 not solution
